4.891253675878932672e-01
8.670386258100287735e-01
3.166251422534811510e-01
5.414282333025566274e-02
8.422642333756863442e-01
4.731881834536580955e-01
3.519849892288944293e-01
7.549053588946502691e-01
5.762884200369460252e-01
9.749246709843297776e-01
4.438815763147631044e-01
4.047640270739460977e-02
3.644696173875849876e-02
9.552164184161004989e-01
3.681005056666112329e-01
9.351638117976857068e-02
6.830035170187210847e-01
2.858915149267658995e-01
1.591273329680339410e-01
1.955148887328218565e-01
6.825487459039195626e-01
8.267786727372770095e-01
1.637085665701534243e-01
1.747705468254905359e-01
2.537512542579284380e-01
