8.250514723988454646e-01
2.670770187135173668e+00
4.289542403094995238e-01
6.485592964690156670e-02
2.358743765462738562e+00
7.434235579178509745e-01
5.360402582188987797e-01
1.805451618469041009e+00
1.014891355367179226e+00
3.751220055482987981e+00
6.569848824848169011e-01
1.111767919095410784e-01
-6.491649490229511876e-04
3.479642338955213798e+00
4.619186222632466476e-01
6.361544844331495918e-02
1.460704628766017033e+00
4.066089786209973189e-01
3.263317752479069633e-01
2.812303553006051393e-01
1.438272384684986527e+00
2.265877589136322978e+00
2.429970409406169152e-01
1.521744622643118883e-01
3.048289433919500468e-01
